{
  "jc69": {
    "default": {
      "mu": 0.75,
      "pi": [
        0.25,
        0.25,
        0.25,
        0.25
      ],
      "W": [
        [
          0.0,
          1.3333333333333333,
          1.3333333333333333,
          1.3333333333333333
        ],
        [
          1.3333333333333333,
          0.0,
          1.3333333333333333,
          1.3333333333333333
        ],
        [
          1.3333333333333333,
          1.3333333333333333,
          0.0,
          1.3333333333333333
        ],
        [
          1.3333333333333333,
          1.3333333333333333,
          1.3333333333333333,
          0.0
        ]
      ],
      "Q": [
        [
          -1.0,
          0.3333333333333333,
          0.3333333333333333,
          0.3333333333333333
        ],
        [
          0.3333333333333333,
          -1.0,
          0.3333333333333333,
          0.3333333333333333
        ],
        [
          0.3333333333333333,
          0.3333333333333333,
          -1.0,
          0.3333333333333333
        ],
        [
          0.3333333333333333,
          0.3333333333333333,
          0.3333333333333333,
          -1.0
        ]
      ],
      "eigenvals": [
        -1.3333333333333335,
        -1.3333333333333335,
        -1.3333333333333335,
        2.7755575615628914e-17
      ],
      "expQts": [
        {
          "time": 0.0,
          "expQt": [
            [
              1.0000000000000002,
              5.551115123125783e-17,
              5.551115123125783e-17,
              5.551115123125783e-17
            ],
            [
              5.551115123125783e-17,
              1.0,
              1.1102230246251565e-16,
              5.551115123125784e-17
            ],
            [
              5.551115123125783e-17,
              1.3877787807814457e-16,
              1.0000000000000002,
              1.1102230246251565e-16
            ],
            [
              5.551115123125783e-17,
              1.3877787807814457e-16,
              1.1102230246251565e-16,
              1.0000000000000002
            ]
          ]
        },
        {
          "time": 0.1,
          "expQt": [
            [
              0.9286280635269698,
              0.02379064549101015,
              0.02379064549101015,
              0.02379064549101015
            ],
            [
              0.023790645491010176,
              0.9286280635269696,
              0.02379064549101023,
              0.023790645491010204
            ],
            [
              0.023790645491010176,
              0.02379064549101026,
              0.9286280635269697,
              0.02379064549101023
            ],
            [
              0.023790645491010176,
              0.02379064549101026,
              0.02379064549101023,
              0.9286280635269697
            ]
          ]
        },
        {
          "time": 0.5,
          "expQt": [
            [
              0.7048979947844751,
              0.0983673350718417,
              0.0983673350718417,
              0.0983673350718417
            ],
            [
              0.0983673350718417,
              0.7048979947844751,
              0.09836733507184173,
              0.09836733507184173
            ],
            [
              0.0983673350718417,
              0.09836733507184175,
              0.7048979947844752,
              0.09836733507184175
            ],
            [
              0.0983673350718417,
              0.09836733507184175,
              0.09836733507184175,
              0.7048979947844752
            ]
          ]
        },
        {
          "time": 1.0,
          "expQt": [
            [
              0.5259095808785819,
              0.15803013970713947,
              0.15803013970713947,
              0.15803013970713947
            ],
            [
              0.15803013970713947,
              0.5259095808785819,
              0.15803013970713953,
              0.1580301397071395
            ],
            [
              0.15803013970713947,
              0.15803013970713953,
              0.525909580878582,
              0.15803013970713953
            ],
            [
              0.15803013970713947,
              0.15803013970713956,
              0.15803013970713953,
              0.5259095808785819
            ]
          ]
        },
        {
          "time": 5.0,
          "expQt": [
            [
              0.2550534602493141,
              0.2483155132502287,
              0.2483155132502287,
              0.2483155132502287
            ],
            [
              0.2483155132502287,
              0.2550534602493142,
              0.24831551325022874,
              0.24831551325022874
            ],
            [
              0.2483155132502287,
              0.24831551325022874,
              0.2550534602493142,
              0.24831551325022874
            ],
            [
              0.2483155132502287,
              0.24831551325022874,
              0.24831551325022874,
              0.2550534602493142
            ]
          ]
        }
      ]
    },
    "mu_0.5": {
      "mu": 0.375,
      "pi": [
        0.25,
        0.25,
        0.25,
        0.25
      ],
      "W": [
        [
          0.0,
          1.3333333333333333,
          1.3333333333333333,
          1.3333333333333333
        ],
        [
          1.3333333333333333,
          0.0,
          1.3333333333333333,
          1.3333333333333333
        ],
        [
          1.3333333333333333,
          1.3333333333333333,
          0.0,
          1.3333333333333333
        ],
        [
          1.3333333333333333,
          1.3333333333333333,
          1.3333333333333333,
          0.0
        ]
      ],
      "Q": [
        [
          -1.0,
          0.3333333333333333,
          0.3333333333333333,
          0.3333333333333333
        ],
        [
          0.3333333333333333,
          -1.0,
          0.3333333333333333,
          0.3333333333333333
        ],
        [
          0.3333333333333333,
          0.3333333333333333,
          -1.0,
          0.3333333333333333
        ],
        [
          0.3333333333333333,
          0.3333333333333333,
          0.3333333333333333,
          -1.0
        ]
      ],
      "eigenvals": [
        -1.3333333333333335,
        -1.3333333333333335,
        -1.3333333333333335,
        2.7755575615628914e-17
      ],
      "expQts": [
        {
          "time": 0.0,
          "expQt": [
            [
              1.0000000000000002,
              5.551115123125783e-17,
              5.551115123125783e-17,
              5.551115123125783e-17
            ],
            [
              5.551115123125783e-17,
              1.0,
              1.1102230246251565e-16,
              5.551115123125784e-17
            ],
            [
              5.551115123125783e-17,
              1.3877787807814457e-16,
              1.0000000000000002,
              1.1102230246251565e-16
            ],
            [
              5.551115123125783e-17,
              1.3877787807814457e-16,
              1.1102230246251565e-16,
              1.0000000000000002
            ]
          ]
        },
        {
          "time": 0.1,
          "expQt": [
            [
              0.9634220683755356,
              0.012192643874821524,
              0.012192643874821524,
              0.012192643874821524
            ],
            [
              0.01219264387482158,
              0.9634220683755356,
              0.01219264387482158,
              0.012192643874821552
            ],
            [
              0.01219264387482158,
              0.012192643874821607,
              0.9634220683755357,
              0.012192643874821607
            ],
            [
              0.01219264387482158,
              0.012192643874821607,
              0.012192643874821607,
              0.9634220683755357
            ]
          ]
        },
        {
          "time": 0.5,
          "expQt": [
            [
              0.8341005873035537,
              0.05529980423214881,
              0.05529980423214881,
              0.05529980423214881
            ],
            [
              0.055299804232148864,
              0.8341005873035537,
              0.055299804232148836,
              0.055299804232148864
            ],
            [
              0.055299804232148864,
              0.05529980423214889,
              0.8341005873035539,
              0.05529980423214889
            ],
            [
              0.055299804232148864,
              0.05529980423214889,
              0.055299804232148864,
              0.8341005873035537
            ]
          ]
        },
        {
          "time": 1.0,
          "expQt": [
            [
              0.7048979947844751,
              0.0983673350718417,
              0.0983673350718417,
              0.0983673350718417
            ],
            [
              0.0983673350718417,
              0.7048979947844751,
              0.09836733507184173,
              0.09836733507184173
            ],
            [
              0.0983673350718417,
              0.09836733507184175,
              0.7048979947844752,
              0.09836733507184175
            ],
            [
              0.0983673350718417,
              0.09836733507184175,
              0.09836733507184175,
              0.7048979947844752
            ]
          ]
        },
        {
          "time": 5.0,
          "expQt": [
            [
              0.3115637489679241,
              0.22947875034402537,
              0.22947875034402537,
              0.22947875034402537
            ],
            [
              0.22947875034402537,
              0.31156374896792416,
              0.22947875034402543,
              0.22947875034402543
            ],
            [
              0.22947875034402537,
              0.22947875034402543,
              0.3115637489679242,
              0.22947875034402543
            ],
            [
              0.22947875034402537,
              0.22947875034402543,
              0.22947875034402543,
              0.31156374896792416
            ]
          ]
        }
      ]
    },
    "mu_2.0": {
      "mu": 1.5,
      "pi": [
        0.25,
        0.25,
        0.25,
        0.25
      ],
      "W": [
        [
          0.0,
          1.3333333333333333,
          1.3333333333333333,
          1.3333333333333333
        ],
        [
          1.3333333333333333,
          0.0,
          1.3333333333333333,
          1.3333333333333333
        ],
        [
          1.3333333333333333,
          1.3333333333333333,
          0.0,
          1.3333333333333333
        ],
        [
          1.3333333333333333,
          1.3333333333333333,
          1.3333333333333333,
          0.0
        ]
      ],
      "Q": [
        [
          -1.0,
          0.3333333333333333,
          0.3333333333333333,
          0.3333333333333333
        ],
        [
          0.3333333333333333,
          -1.0,
          0.3333333333333333,
          0.3333333333333333
        ],
        [
          0.3333333333333333,
          0.3333333333333333,
          -1.0,
          0.3333333333333333
        ],
        [
          0.3333333333333333,
          0.3333333333333333,
          0.3333333333333333,
          -1.0
        ]
      ],
      "eigenvals": [
        -1.3333333333333335,
        -1.3333333333333335,
        -1.3333333333333335,
        2.7755575615628914e-17
      ],
      "expQts": [
        {
          "time": 0.0,
          "expQt": [
            [
              1.0000000000000002,
              5.551115123125783e-17,
              5.551115123125783e-17,
              5.551115123125783e-17
            ],
            [
              5.551115123125783e-17,
              1.0,
              1.1102230246251565e-16,
              5.551115123125784e-17
            ],
            [
              5.551115123125783e-17,
              1.3877787807814457e-16,
              1.0000000000000002,
              1.1102230246251565e-16
            ],
            [
              5.551115123125783e-17,
              1.3877787807814457e-16,
              1.1102230246251565e-16,
              1.0000000000000002
            ]
          ]
        },
        {
          "time": 0.1,
          "expQt": [
            [
              0.8640480648084865,
              0.04531731173050457,
              0.04531731173050457,
              0.04531731173050457
            ],
            [
              0.0453173117305046,
              0.8640480648084865,
              0.04531731173050457,
              0.0453173117305046
            ],
            [
              0.0453173117305046,
              0.045317311730504684,
              0.8640480648084865,
              0.04531731173050463
            ],
            [
              0.0453173117305046,
              0.045317311730504656,
              0.04531731173050463,
              0.8640480648084865
            ]
          ]
        },
        {
          "time": 0.5,
          "expQt": [
            [
              0.5259095808785819,
              0.15803013970713947,
              0.15803013970713947,
              0.15803013970713947
            ],
            [
              0.15803013970713947,
              0.5259095808785819,
              0.15803013970713953,
              0.1580301397071395
            ],
            [
              0.15803013970713947,
              0.15803013970713953,
              0.525909580878582,
              0.15803013970713953
            ],
            [
              0.15803013970713947,
              0.15803013970713956,
              0.15803013970713953,
              0.5259095808785819
            ]
          ]
        },
        {
          "time": 1.0,
          "expQt": [
            [
              0.35150146242745955,
              0.21616617919084688,
              0.21616617919084688,
              0.21616617919084688
            ],
            [
              0.21616617919084688,
              0.3515014624274596,
              0.21616617919084694,
              0.21616617919084694
            ],
            [
              0.21616617919084688,
              0.21616617919084694,
              0.35150146242745967,
              0.21616617919084694
            ],
            [
              0.21616617919084688,
              0.21616617919084694,
              0.21616617919084694,
              0.35150146242745967
            ]
          ]
        },
        {
          "time": 5.0,
          "expQt": [
            [
              0.2500340499473219,
              0.2499886500175595,
              0.2499886500175595,
              0.2499886500175595
            ],
            [
              0.2499886500175595,
              0.25003404994732203,
              0.24998865001755954,
              0.24998865001755954
            ],
            [
              0.2499886500175595,
              0.24998865001755954,
              0.25003404994732203,
              0.24998865001755954
            ],
            [
              0.2499886500175595,
              0.24998865001755954,
              0.24998865001755954,
              0.25003404994732203
            ]
          ]
        }
      ]
    }
  },
  "k80": {
    "default": {
      "mu": 0.5249999999999999,
      "pi": [
        0.25,
        0.25,
        0.25,
        0.25
      ],
      "W": [
        [
          0.0,
          1.904761904761905,
          0.19047619047619052,
          1.904761904761905
        ],
        [
          1.904761904761905,
          0.0,
          1.904761904761905,
          0.19047619047619052
        ],
        [
          0.19047619047619052,
          1.904761904761905,
          0.0,
          1.904761904761905
        ],
        [
          1.904761904761905,
          0.19047619047619052,
          1.904761904761905,
          0.0
        ]
      ],
      "Q": [
        [
          -1.0000000000000002,
          0.4761904761904763,
          0.04761904761904763,
          0.4761904761904763
        ],
        [
          0.4761904761904763,
          -1.0000000000000002,
          0.4761904761904763,
          0.04761904761904763
        ],
        [
          0.04761904761904763,
          0.4761904761904763,
          -1.0000000000000002,
          0.4761904761904763
        ],
        [
          0.4761904761904763,
          0.04761904761904763,
          0.4761904761904763,
          -1.0000000000000002
        ]
      ],
      "eigenvals": [
        -1.904761904761905,
        -1.0476190476190477,
        -1.0476190476190474,
        -1.3183898417423734e-16
      ],
      "expQts": [
        {
          "time": 0.0,
          "expQt": [
            [
              1.0000000000000004,
              1.1102230246251565e-16,
              5.551115123125783e-17,
              1.1102230246251565e-16
            ],
            [
              1.1102230246251563e-16,
              0.9999999999999998,
              5.551115123125778e-17,
              0.0
            ],
            [
              5.551115123125788e-17,
              5.551115123125785e-17,
              1.0000000000000009,
              5.551115123125783e-17
            ],
            [
              1.3877787807814452e-16,
              0.0,
              8.326672684688667e-17,
              0.9999999999999999
            ]
          ]
        },
        {
          "time": 0.1,
          "expQt": [
            [
              0.9494519284857323,
              0.02379064549101026,
              0.002966780532247998,
              0.023790645491010204
            ],
            [
              0.02379064549101026,
              0.9494519284857316,
              0.023790645491010204,
              0.002966780532247665
            ],
            [
              0.00296678053224797,
              0.023790645491010204,
              0.9494519284857326,
              0.023790645491010204
            ],
            [
              0.02379064549101023,
              0.002966780532247748,
              0.02379064549101023,
              0.9494519284857318
            ]
          ]
        },
        {
          "time": 0.5,
          "expQt": [
            [
              0.781418726540643,
              0.09836733507184175,
              0.021846603315674173,
              0.09836733507184173
            ],
            [
              0.09836733507184175,
              0.7814187265406425,
              0.0983673350718417,
              0.021846603315673924
            ],
            [
              0.021846603315674146,
              0.0983673350718417,
              0.7814187265406434,
              0.09836733507184173
            ],
            [
              0.09836733507184175,
              0.021846603315674007,
              0.09836733507184175,
              0.7814187265406426
            ]
          ]
        },
        {
          "time": 1.0,
          "expQt": [
            [
              0.6304447654831041,
              0.15803013970713947,
              0.05349495510261726,
              0.15803013970713947
            ],
            [
              0.15803013970713947,
              0.6304447654831038,
              0.15803013970713944,
              0.05349495510261704
            ],
            [
              0.053494955102617286,
              0.15803013970713944,
              0.6304447654831046,
              0.15803013970713944
            ],
            [
              0.15803013970713947,
              0.053494955102617064,
              0.15803013970713944,
              0.6304447654831039
            ]
          ]
        },
        {
          "time": 5.0,
          "expQt": [
            [
              0.2836484173531252,
              0.2483155132502286,
              0.21972055614641764,
              0.24831551325022858
            ],
            [
              0.24831551325022858,
              0.28364841735312507,
              0.24831551325022866,
              0.21972055614641742
            ],
            [
              0.21972055614641764,
              0.2483155132502287,
              0.28364841735312546,
              0.24831551325022866
            ],
            [
              0.24831551325022858,
              0.21972055614641745,
              0.24831551325022866,
              0.283648417353125
            ]
          ]
        }
      ]
    },
    "kappa_0.5": {
      "mu": 0.625,
      "pi": [
        0.25,
        0.25,
        0.25,
        0.25
      ],
      "W": [
        [
          0.0,
          1.6,
          0.8,
          1.6
        ],
        [
          1.6,
          0.0,
          1.6,
          0.8
        ],
        [
          0.8,
          1.6,
          0.0,
          1.6
        ],
        [
          1.6,
          0.8,
          1.6,
          0.0
        ]
      ],
      "Q": [
        [
          -1.0,
          0.4,
          0.2,
          0.4
        ],
        [
          0.4,
          -1.0,
          0.4,
          0.2
        ],
        [
          0.2,
          0.4,
          -1.0,
          0.4
        ],
        [
          0.4,
          0.2,
          0.4,
          -1.0
        ]
      ],
      "eigenvals": [
        -1.5999999999999999,
        -1.2,
        -1.1999999999999997,
        2.97863371066711e-16
      ],
      "expQts": [
        {
          "time": 0.0,
          "expQt": [
            [
              1.0000000000000002,
              2.2204460492503126e-16,
              0.0,
              1.6653345369377346e-16
            ],
            [
              2.220446049250313e-16,
              0.9999999999999999,
              2.498001805406602e-16,
              2.465190328815662e-32
            ],
            [
              0.0,
              2.498001805406602e-16,
              1.0,
              1.3877787807814457e-16
            ],
            [
              1.6653345369377348e-16,
              1.1102230246251565e-16,
              1.3877787807814457e-16,
              1.0
            ]
          ]
        },
        {
          "time": 0.1,
          "expQt": [
            [
              0.9400810976732666,
              0.023790645491010287,
              0.012337611344713256,
              0.02379064549101023
            ],
            [
              0.023790645491010315,
              0.9400810976732663,
              0.023790645491010343,
              0.012337611344713478
            ],
            [
              0.012337611344713312,
              0.023790645491010315,
              0.9400810976732664,
              0.02379064549101026
            ],
            [
              0.02379064549101023,
              0.012337611344713617,
              0.02379064549101026,
              0.9400810976732665
            ]
          ]
        },
        {
          "time": 0.5,
          "expQt": [
            [
              0.7452773043236447,
              0.09836733507184184,
              0.0579880255326721,
              0.09836733507184178
            ],
            [
              0.09836733507184181,
              0.7452773043236446,
              0.09836733507184181,
              0.05798802553267232
            ],
            [
              0.057988025532672155,
              0.09836733507184184,
              0.7452773043236446,
              0.09836733507184178
            ],
            [
              0.09836733507184178,
              0.05798802553267238,
              0.09836733507184178,
              0.7452773043236446
            ]
          ]
        },
        {
          "time": 1.0,
          "expQt": [
            [
              0.5781531366633681,
              0.1580301397071396,
              0.10578658392235324,
              0.15803013970713956
            ],
            [
              0.1580301397071396,
              0.5781531366633682,
              0.15803013970713964,
              0.10578658392235335
            ],
            [
              0.10578658392235327,
              0.15803013970713964,
              0.5781531366633681,
              0.15803013970713958
            ],
            [
              0.15803013970713956,
              0.1057865839223534,
              0.15803013970713958,
              0.5781531366633682
            ]
          ]
        },
        {
          "time": 5.0,
          "expQt": [
            [
              0.26344335967777616,
              0.24831551325022896,
              0.23992561382176708,
              0.2483155132502289
            ],
            [
              0.24831551325022896,
              0.2634433596777764,
              0.24831551325022902,
              0.2399256138217672
            ],
            [
              0.23992561382176708,
              0.24831551325022902,
              0.26344335967777627,
              0.24831551325022896
            ],
            [
              0.2483155132502289,
              0.2399256138217672,
              0.24831551325022896,
              0.26344335967777627
            ]
          ]
        }
      ]
    },
    "kappa_1.0": {
      "mu": 0.75,
      "pi": [
        0.25,
        0.25,
        0.25,
        0.25
      ],
      "W": [
        [
          0.0,
          1.3333333333333333,
          1.3333333333333333,
          1.3333333333333333
        ],
        [
          1.3333333333333333,
          0.0,
          1.3333333333333333,
          1.3333333333333333
        ],
        [
          1.3333333333333333,
          1.3333333333333333,
          0.0,
          1.3333333333333333
        ],
        [
          1.3333333333333333,
          1.3333333333333333,
          1.3333333333333333,
          0.0
        ]
      ],
      "Q": [
        [
          -1.0,
          0.3333333333333333,
          0.3333333333333333,
          0.3333333333333333
        ],
        [
          0.3333333333333333,
          -1.0,
          0.3333333333333333,
          0.3333333333333333
        ],
        [
          0.3333333333333333,
          0.3333333333333333,
          -1.0,
          0.3333333333333333
        ],
        [
          0.3333333333333333,
          0.3333333333333333,
          0.3333333333333333,
          -1.0
        ]
      ],
      "eigenvals": [
        -1.3333333333333335,
        -1.3333333333333335,
        -1.3333333333333335,
        2.7755575615628914e-17
      ],
      "expQts": [
        {
          "time": 0.0,
          "expQt": [
            [
              1.0000000000000002,
              5.551115123125783e-17,
              5.551115123125783e-17,
              5.551115123125783e-17
            ],
            [
              5.551115123125783e-17,
              1.0,
              1.1102230246251565e-16,
              5.551115123125784e-17
            ],
            [
              5.551115123125783e-17,
              1.3877787807814457e-16,
              1.0000000000000002,
              1.1102230246251565e-16
            ],
            [
              5.551115123125783e-17,
              1.3877787807814457e-16,
              1.1102230246251565e-16,
              1.0000000000000002
            ]
          ]
        },
        {
          "time": 0.1,
          "expQt": [
            [
              0.9286280635269698,
              0.02379064549101015,
              0.02379064549101015,
              0.02379064549101015
            ],
            [
              0.023790645491010176,
              0.9286280635269696,
              0.02379064549101023,
              0.023790645491010204
            ],
            [
              0.023790645491010176,
              0.02379064549101026,
              0.9286280635269697,
              0.02379064549101023
            ],
            [
              0.023790645491010176,
              0.02379064549101026,
              0.02379064549101023,
              0.9286280635269697
            ]
          ]
        },
        {
          "time": 0.5,
          "expQt": [
            [
              0.7048979947844751,
              0.0983673350718417,
              0.0983673350718417,
              0.0983673350718417
            ],
            [
              0.0983673350718417,
              0.7048979947844751,
              0.09836733507184173,
              0.09836733507184173
            ],
            [
              0.0983673350718417,
              0.09836733507184175,
              0.7048979947844752,
              0.09836733507184175
            ],
            [
              0.0983673350718417,
              0.09836733507184175,
              0.09836733507184175,
              0.7048979947844752
            ]
          ]
        },
        {
          "time": 1.0,
          "expQt": [
            [
              0.5259095808785819,
              0.15803013970713947,
              0.15803013970713947,
              0.15803013970713947
            ],
            [
              0.15803013970713947,
              0.5259095808785819,
              0.15803013970713953,
              0.1580301397071395
            ],
            [
              0.15803013970713947,
              0.15803013970713953,
              0.525909580878582,
              0.15803013970713953
            ],
            [
              0.15803013970713947,
              0.15803013970713956,
              0.15803013970713953,
              0.5259095808785819
            ]
          ]
        },
        {
          "time": 5.0,
          "expQt": [
            [
              0.2550534602493141,
              0.2483155132502287,
              0.2483155132502287,
              0.2483155132502287
            ],
            [
              0.2483155132502287,
              0.2550534602493142,
              0.24831551325022874,
              0.24831551325022874
            ],
            [
              0.2483155132502287,
              0.24831551325022874,
              0.2550534602493142,
              0.24831551325022874
            ],
            [
              0.2483155132502287,
              0.24831551325022874,
              0.24831551325022874,
              0.2550534602493142
            ]
          ]
        }
      ]
    },
    "kappa_2.0": {
      "mu": 1.0,
      "pi": [
        0.25,
        0.25,
        0.25,
        0.25
      ],
      "W": [
        [
          0.0,
          1.0,
          2.0,
          1.0
        ],
        [
          1.0,
          0.0,
          1.0,
          2.0
        ],
        [
          2.0,
          1.0,
          0.0,
          1.0
        ],
        [
          1.0,
          2.0,
          1.0,
          0.0
        ]
      ],
      "Q": [
        [
          -1.0,
          0.25,
          0.5,
          0.25
        ],
        [
          0.25,
          -1.0,
          0.25,
          0.5
        ],
        [
          0.5,
          0.25,
          -1.0,
          0.25
        ],
        [
          0.25,
          0.5,
          0.25,
          -1.0
        ]
      ],
      "eigenvals": [
        -1.5000000000000004,
        -1.5,
        -1.0000000000000007,
        -6.310056643865636e-17
      ],
      "expQts": [
        {
          "time": 0.0,
          "expQt": [
            [
              0.9999999999999999,
              0.0,
              1.942890293094024e-16,
              0.0
            ],
            [
              0.0,
              1.0000000000000004,
              0.0,
              2.220446049250313e-16
            ],
            [
              1.3877787807814457e-16,
              0.0,
              1.0000000000000002,
              0.0
            ],
            [
              0.0,
              2.220446049250313e-16,
              0.0,
              1.0
            ]
          ]
        },
        {
          "time": 0.1,
          "expQt": [
            [
              0.9065633427215187,
              0.023790645491009982,
              0.045855366296461114,
              0.02379064549101001
            ],
            [
              0.023790645491009982,
              0.9065633427215192,
              0.02379064549101012,
              0.04585536629646117
            ],
            [
              0.045855366296461114,
              0.02379064549101015,
              0.9065633427215188,
              0.02379064549101001
            ],
            [
              0.023790645491010037,
              0.04585536629646117,
              0.02379064549101001,
              0.9065633427215188
            ]
          ]
        },
        {
          "time": 0.5,
          "expQt": [
            [
              0.6378159412986657,
              0.09836733507184159,
              0.1654493885576511,
              0.09836733507184164
            ],
            [
              0.09836733507184159,
              0.6378159412986658,
              0.09836733507184173,
              0.16544938855765112
            ],
            [
              0.1654493885576511,
              0.0983673350718417,
              0.6378159412986657,
              0.09836733507184167
            ],
            [
              0.09836733507184164,
              0.16544938855765112,
              0.09836733507184167,
              0.6378159412986657
            ]
          ]
        },
        {
          "time": 1.0,
          "expQt": [
            [
              0.4535349403670755,
              0.1580301397071394,
              0.2304047802186457,
              0.15803013970713942
            ],
            [
              0.15803013970713936,
              0.45353494036707537,
              0.15803013970713944,
              0.23040478021864566
            ],
            [
              0.23040478021864566,
              0.15803013970713947,
              0.4535349403670754,
              0.15803013970713944
            ],
            [
              0.15803013970713942,
              0.23040478021864566,
              0.15803013970713942,
              0.4535349403670754
            ]
          ]
        },
        {
          "time": 5.0,
          "expQt": [
            [
              0.2519610289348453,
              0.24831551325022855,
              0.25140794456469745,
              0.2483155132502286
            ],
            [
              0.24831551325022855,
              0.25196102893484507,
              0.24831551325022855,
              0.2514079445646973
            ],
            [
              0.25140794456469745,
              0.24831551325022855,
              0.2519610289348453,
              0.2483155132502286
            ],
            [
              0.2483155132502286,
              0.2514079445646973,
              0.2483155132502286,
              0.2519610289348452
            ]
          ]
        }
      ]
    },
    "kappa_5.0": {
      "mu": 1.75,
      "pi": [
        0.25,
        0.25,
        0.25,
        0.25
      ],
      "W": [
        [
          0.0,
          0.5714285714285714,
          2.857142857142857,
          0.5714285714285714
        ],
        [
          0.5714285714285714,
          0.0,
          0.5714285714285714,
          2.857142857142857
        ],
        [
          2.857142857142857,
          0.5714285714285714,
          0.0,
          0.5714285714285714
        ],
        [
          0.5714285714285714,
          2.857142857142857,
          0.5714285714285714,
          0.0
        ]
      ],
      "Q": [
        [
          -1.0,
          0.14285714285714285,
          0.7142857142857143,
          0.14285714285714285
        ],
        [
          0.14285714285714285,
          -1.0,
          0.14285714285714285,
          0.7142857142857143
        ],
        [
          0.7142857142857143,
          0.14285714285714285,
          -1.0,
          0.14285714285714285
        ],
        [
          0.14285714285714285,
          0.7142857142857143,
          0.14285714285714285,
          -1.0
        ]
      ],
      "eigenvals": [
        -1.7142857142857149,
        -1.7142857142857144,
        -0.5714285714285717,
        4.579669976578771e-16
      ],
      "expQts": [
        {
          "time": 0.0,
          "expQt": [
            [
              0.9999999999999999,
              5.551115123125783e-17,
              1.6653345369377348e-16,
              0.0
            ],
            [
              5.551115123125785e-17,
              1.0000000000000004,
              0.0,
              7.771561172376096e-16
            ],
            [
              1.6653345369377346e-16,
              0.0,
              0.9999999999999998,
              0.0
            ],
            [
              0.0,
              7.216449660063518e-16,
              0.0,
              1.0000000000000002
            ]
          ]
        },
        {
          "time": 0.1,
          "expQt": [
            [
              0.8466184648498487,
              0.023790645491010204,
              0.10580024416813105,
              0.023790645491010093
            ],
            [
              0.023790645491010204,
              0.846618464849849,
              0.02379064549101001,
              0.10580024416813169
            ],
            [
              0.10580024416813105,
              0.023790645491010037,
              0.8466184648498487,
              0.02379064549101012
            ],
            [
              0.023790645491010093,
              0.10580024416813161,
              0.02379064549101012,
              0.846618464849849
            ]
          ]
        },
        {
          "time": 0.5,
          "expQt": [
            [
              0.5131977450023734,
              0.0983673350718419,
              0.29006758485394357,
              0.09836733507184181
            ],
            [
              0.0983673350718419,
              0.5131977450023737,
              0.09836733507184181,
              0.290067584853944
            ],
            [
              0.29006758485394357,
              0.09836733507184178,
              0.5131977450023733,
              0.09836733507184175
            ],
            [
              0.09836733507184181,
              0.290067584853944,
              0.09836733507184175,
              0.5131977450023737
            ]
          ]
        },
        {
          "time": 1.0,
          "expQt": [
            [
              0.3668633944767928,
              0.15803013970713983,
              0.31707632610892883,
              0.15803013970713975
            ],
            [
              0.15803013970713983,
              0.366863394476793,
              0.15803013970713975,
              0.3170763261089291
            ],
            [
              0.31707632610892883,
              0.15803013970713975,
              0.3668633944767927,
              0.15803013970713967
            ],
            [
              0.15803013970713975,
              0.3170763261089291,
              0.15803013970713967,
              0.36686339447679295
            ]
          ]
        },
        {
          "time": 5.0,
          "expQt": [
            [
              0.25168463970093274,
              0.2483155132502298,
              0.25168433379861216,
              0.24831551325022974
            ],
            [
              0.2483155132502298,
              0.25168463970093286,
              0.24831551325022974,
              0.25168433379861227
            ],
            [
              0.25168433379861216,
              0.24831551325022974,
              0.25168463970093263,
              0.24831551325022969
            ],
            [
              0.24831551325022974,
              0.25168433379861227,
              0.24831551325022969,
              0.25168463970093274
            ]
          ]
        }
      ]
    },
    "mu_0.5_kappa_2.0": {
      "mu": 0.5,
      "pi": [
        0.25,
        0.25,
        0.25,
        0.25
      ],
      "W": [
        [
          0.0,
          1.0,
          2.0,
          1.0
        ],
        [
          1.0,
          0.0,
          1.0,
          2.0
        ],
        [
          2.0,
          1.0,
          0.0,
          1.0
